[parameters]
mu=0.1
ecc=0.0
DT=2.0
n_frames=1

[vis.var]
nx=200
x_min=-0.8
x_max=-0.15
nvx=200
vx_min=-2
vx_max=2

[in.var]
y=0
e=-1.806326614939947 # from matlab E(L1)+0.03715
